TABLE NO.  2
 ID          CL          V2          V3          Q           KA
  1.0000E+00  1.8470E+00  1.7042E+00  7.6181E-02  2.7000E-02  2.1392E+00
  1.0000E+00  1.8470E+00  1.7042E+00  7.6181E-02  2.7000E-02  2.1392E+00
  1.0000E+00  1.8470E+00  1.7042E+00  7.6181E-02  2.7000E-02  2.1392E+00
  1.0000E+00  1.8470E+00  1.7042E+00  7.6181E-02  2.7000E-02  2.1392E+00
  1.0000E+00  1.8470E+00  1.7042E+00  7.6181E-02  2.7000E-02  2.1392E+00
  1.0000E+00  1.8470E+00  1.7042E+00  7.6181E-02  2.7000E-02  2.1392E+00
  1.0000E+00  1.8470E+00  1.7042E+00  7.6181E-02  2.7000E-02  2.1392E+00
  1.0000E+00  1.8470E+00  1.7042E+00  7.6181E-02  2.7000E-02  2.1392E+00
  1.0000E+00  1.8470E+00  1.7042E+00  7.6181E-02  2.7000E-02  2.1392E+00
  1.0000E+00  1.8470E+00  1.7042E+00  7.6181E-02  2.7000E-02  2.1392E+00
  2.0000E+00  1.8473E+00  1.6992E+00  5.1334E-02  2.7000E-02  2.1392E+00
  2.0000E+00  1.8473E+00  1.6992E+00  5.1334E-02  2.7000E-02  2.1392E+00
  2.0000E+00  1.8473E+00  1.6992E+00  5.1334E-02  2.7000E-02  2.1392E+00
  2.0000E+00  1.8473E+00  1.6992E+00  5.1334E-02  2.7000E-02  2.1392E+00
  2.0000E+00  1.8473E+00  1.6992E+00  5.1334E-02  2.7000E-02  2.1392E+00
  2.0000E+00  1.8473E+00  1.6992E+00  5.1334E-02  2.7000E-02  2.1392E+00
  2.0000E+00  1.8473E+00  1.6992E+00  5.1334E-02  2.7000E-02  2.1392E+00
  2.0000E+00  1.8473E+00  1.6992E+00  5.1334E-02  2.7000E-02  2.1392E+00
  2.0000E+00  1.8473E+00  1.6992E+00  5.1334E-02  2.7000E-02  2.1392E+00
  2.0000E+00  1.8473E+00  1.6992E+00  5.1334E-02  2.7000E-02  2.1392E+00
  3.0000E+00  1.8474E+00  1.7015E+00  6.1237E-02  2.7000E-02  2.1392E+00
  3.0000E+00  1.8474E+00  1.7015E+00  6.1237E-02  2.7000E-02  2.1392E+00
  3.0000E+00  1.8474E+00  1.7015E+00  6.1237E-02  2.7000E-02  2.1392E+00
  3.0000E+00  1.8474E+00  1.7015E+00  6.1237E-02  2.7000E-02  2.1392E+00
  3.0000E+00  1.8474E+00  1.7015E+00  6.1237E-02  2.7000E-02  2.1392E+00
  3.0000E+00  1.8474E+00  1.7015E+00  6.1237E-02  2.7000E-02  2.1392E+00
  3.0000E+00  1.8474E+00  1.7015E+00  6.1237E-02  2.7000E-02  2.1392E+00
  3.0000E+00  1.8474E+00  1.7015E+00  6.1237E-02  2.7000E-02  2.1392E+00
  3.0000E+00  1.8474E+00  1.7015E+00  6.1237E-02  2.7000E-02  2.1392E+00
  3.0000E+00  1.8474E+00  1.7015E+00  6.1237E-02  2.7000E-02  2.1392E+00
  4.0000E+00  1.8468E+00  1.7170E+00  2.0963E-01  2.7000E-02  2.1392E+00
  4.0000E+00  1.8468E+00  1.7170E+00  2.0963E-01  2.7000E-02  2.1392E+00
  4.0000E+00  1.8468E+00  1.7170E+00  2.0963E-01  2.7000E-02  2.1392E+00
  4.0000E+00  1.8468E+00  1.7170E+00  2.0963E-01  2.7000E-02  2.1392E+00
  4.0000E+00  1.8468E+00  1.7170E+00  2.0963E-01  2.7000E-02  2.1392E+00
  4.0000E+00  1.8468E+00  1.7170E+00  2.0963E-01  2.7000E-02  2.1392E+00
  4.0000E+00  1.8468E+00  1.7170E+00  2.0963E-01  2.7000E-02  2.1392E+00
  4.0000E+00  1.8468E+00  1.7170E+00  2.0963E-01  2.7000E-02  2.1392E+00
  4.0000E+00  1.8468E+00  1.7170E+00  2.0963E-01  2.7000E-02  2.1392E+00
  4.0000E+00  1.8468E+00  1.7170E+00  2.0963E-01  2.7000E-02  2.1392E+00
  5.0000E+00  1.8470E+00  1.7135E+00  1.5895E-01  2.7000E-02  2.1392E+00
  5.0000E+00  1.8470E+00  1.7135E+00  1.5895E-01  2.7000E-02  2.1392E+00
  5.0000E+00  1.8470E+00  1.7135E+00  1.5895E-01  2.7000E-02  2.1392E+00
  5.0000E+00  1.8470E+00  1.7135E+00  1.5895E-01  2.7000E-02  2.1392E+00
  5.0000E+00  1.8470E+00  1.7135E+00  1.5895E-01  2.7000E-02  2.1392E+00
  5.0000E+00  1.8470E+00  1.7135E+00  1.5895E-01  2.7000E-02  2.1392E+00
  5.0000E+00  1.8470E+00  1.7135E+00  1.5895E-01  2.7000E-02  2.1392E+00
  5.0000E+00  1.8470E+00  1.7135E+00  1.5895E-01  2.7000E-02  2.1392E+00
  5.0000E+00  1.8470E+00  1.7135E+00  1.5895E-01  2.7000E-02  2.1392E+00
  5.0000E+00  1.8470E+00  1.7135E+00  1.5895E-01  2.7000E-02  2.1392E+00
  5.0000E+00  1.8470E+00  1.7135E+00  1.5895E-01  2.7000E-02  2.1392E+00
  6.0000E+00  1.8467E+00  1.7065E+00  9.1364E-02  2.7000E-02  2.1392E+00
  6.0000E+00  1.8467E+00  1.7065E+00  9.1364E-02  2.7000E-02  2.1392E+00
  6.0000E+00  1.8467E+00  1.7065E+00  9.1364E-02  2.7000E-02  2.1392E+00
  6.0000E+00  1.8467E+00  1.7065E+00  9.1364E-02  2.7000E-02  2.1392E+00
  6.0000E+00  1.8467E+00  1.7065E+00  9.1364E-02  2.7000E-02  2.1392E+00
  6.0000E+00  1.8467E+00  1.7065E+00  9.1364E-02  2.7000E-02  2.1392E+00
  6.0000E+00  1.8467E+00  1.7065E+00  9.1364E-02  2.7000E-02  2.1392E+00
  6.0000E+00  1.8467E+00  1.7065E+00  9.1364E-02  2.7000E-02  2.1392E+00
  6.0000E+00  1.8467E+00  1.7065E+00  9.1364E-02  2.7000E-02  2.1392E+00
  6.0000E+00  1.8467E+00  1.7065E+00  9.1364E-02  2.7000E-02  2.1392E+00
