TABLE NO.  2
 ID          CL          V2          Q           V3          KA          ALAG1
  1.0000E+00  2.1478E+02  1.1002E+02  3.5714E+01  3.4009E+01  8.0484E-01  8.2208E-02
  1.0000E+00  2.1478E+02  1.1002E+02  3.5714E+01  3.4009E+01  8.0484E-01  8.2208E-02
  1.0000E+00  2.1478E+02  1.1002E+02  3.5714E+01  3.4009E+01  8.0484E-01  8.2208E-02
  1.0000E+00  2.1478E+02  1.1002E+02  3.5714E+01  3.4009E+01  8.0484E-01  8.2208E-02
  1.0000E+00  2.1478E+02  1.1002E+02  3.5714E+01  3.4009E+01  8.0484E-01  8.2208E-02
  1.0000E+00  2.1478E+02  1.1002E+02  3.5714E+01  3.4009E+01  8.0484E-01  8.2208E-02
  1.0000E+00  2.1478E+02  1.1002E+02  3.5714E+01  3.4009E+01  8.0484E-01  8.2208E-02
  1.0000E+00  2.1478E+02  1.1002E+02  3.5714E+01  3.4009E+01  8.0484E-01  8.2208E-02
  1.0000E+00  2.1478E+02  1.1002E+02  3.5714E+01  3.4009E+01  8.0484E-01  8.2208E-02
  1.0000E+00  2.1478E+02  1.1002E+02  3.5714E+01  3.4009E+01  8.0484E-01  8.2208E-02
  2.0000E+00  1.2246E+02  2.1514E+05  1.2160E+01  1.4827E+03  1.0978E+01  8.2814E-02
  2.0000E+00  1.2246E+02  2.1514E+05  1.2160E+01  1.4827E+03  1.0978E+01  8.2814E-02
  2.0000E+00  1.2246E+02  2.1514E+05  1.2160E+01  1.4827E+03  1.0978E+01  8.2814E-02
  2.0000E+00  1.2246E+02  2.1514E+05  1.2160E+01  1.4827E+03  1.0978E+01  8.2814E-02
  2.0000E+00  1.2246E+02  2.1514E+05  1.2160E+01  1.4827E+03  1.0978E+01  8.2814E-02
  2.0000E+00  1.2246E+02  2.1514E+05  1.2160E+01  1.4827E+03  1.0978E+01  8.2814E-02
  2.0000E+00  1.2246E+02  2.1514E+05  1.2160E+01  1.4827E+03  1.0978E+01  8.2814E-02
  2.0000E+00  1.2246E+02  2.1514E+05  1.2160E+01  1.4827E+03  1.0978E+01  8.2814E-02
  2.0000E+00  1.2246E+02  2.1514E+05  1.2160E+01  1.4827E+03  1.0978E+01  8.2814E-02
  2.0000E+00  1.2246E+02  2.1514E+05  1.2160E+01  1.4827E+03  1.0978E+01  8.2814E-02
  3.0000E+00  1.8353E+02  2.3504E+02  1.5671E+01  1.4120E+04  4.7346E+00  8.2912E-02
  3.0000E+00  1.8353E+02  2.3504E+02  1.5671E+01  1.4120E+04  4.7346E+00  8.2912E-02
  3.0000E+00  1.8353E+02  2.3504E+02  1.5671E+01  1.4120E+04  4.7346E+00  8.2912E-02
  3.0000E+00  1.8353E+02  2.3504E+02  1.5671E+01  1.4120E+04  4.7346E+00  8.2912E-02
  3.0000E+00  1.8353E+02  2.3504E+02  1.5671E+01  1.4120E+04  4.7346E+00  8.2912E-02
  3.0000E+00  1.8353E+02  2.3504E+02  1.5671E+01  1.4120E+04  4.7346E+00  8.2912E-02
  3.0000E+00  1.8353E+02  2.3504E+02  1.5671E+01  1.4120E+04  4.7346E+00  8.2912E-02
  3.0000E+00  1.8353E+02  2.3504E+02  1.5671E+01  1.4120E+04  4.7346E+00  8.2912E-02
  3.0000E+00  1.8353E+02  2.3504E+02  1.5671E+01  1.4120E+04  4.7346E+00  8.2912E-02
  3.0000E+00  1.8353E+02  2.3504E+02  1.5671E+01  1.4120E+04  4.7346E+00  8.2912E-02
  4.0000E+00  2.1439E+02  1.5234E+02  1.1666E+01  7.7319E+01  2.2639E+00  2.4902E-01
  4.0000E+00  2.1439E+02  1.5234E+02  1.1666E+01  7.7319E+01  2.2639E+00  2.4902E-01
  4.0000E+00  2.1439E+02  1.5234E+02  1.1666E+01  7.7319E+01  2.2639E+00  2.4902E-01
  4.0000E+00  2.1439E+02  1.5234E+02  1.1666E+01  7.7319E+01  2.2639E+00  2.4902E-01
  4.0000E+00  2.1439E+02  1.5234E+02  1.1666E+01  7.7319E+01  2.2639E+00  2.4902E-01
  4.0000E+00  2.1439E+02  1.5234E+02  1.1666E+01  7.7319E+01  2.2639E+00  2.4902E-01
  4.0000E+00  2.1439E+02  1.5234E+02  1.1666E+01  7.7319E+01  2.2639E+00  2.4902E-01
  4.0000E+00  2.1439E+02  1.5234E+02  1.1666E+01  7.7319E+01  2.2639E+00  2.4902E-01
  4.0000E+00  2.1439E+02  1.5234E+02  1.1666E+01  7.7319E+01  2.2639E+00  2.4902E-01
  4.0000E+00  2.1439E+02  1.5234E+02  1.1666E+01  7.7319E+01  2.2639E+00  2.4902E-01
  5.0000E+00  1.6101E+02  3.0204E+02  6.8286E+01  2.4107E+05  4.0749E+00  7.9665E-02
  5.0000E+00  1.6101E+02  3.0204E+02  6.8286E+01  2.4107E+05  4.0749E+00  7.9665E-02
  5.0000E+00  1.6101E+02  3.0204E+02  6.8286E+01  2.4107E+05  4.0749E+00  7.9665E-02
  5.0000E+00  1.6101E+02  3.0204E+02  6.8286E+01  2.4107E+05  4.0749E+00  7.9665E-02
  5.0000E+00  1.6101E+02  3.0204E+02  6.8286E+01  2.4107E+05  4.0749E+00  7.9665E-02
  5.0000E+00  1.6101E+02  3.0204E+02  6.8286E+01  2.4107E+05  4.0749E+00  7.9665E-02
  5.0000E+00  1.6101E+02  3.0204E+02  6.8286E+01  2.4107E+05  4.0749E+00  7.9665E-02
  5.0000E+00  1.6101E+02  3.0204E+02  6.8286E+01  2.4107E+05  4.0749E+00  7.9665E-02
  5.0000E+00  1.6101E+02  3.0204E+02  6.8286E+01  2.4107E+05  4.0749E+00  7.9665E-02
  5.0000E+00  1.6101E+02  3.0204E+02  6.8286E+01  2.4107E+05  4.0749E+00  7.9665E-02
  5.0000E+00  1.6101E+02  3.0204E+02  6.8286E+01  2.4107E+05  4.0749E+00  7.9665E-02
  6.0000E+00  1.9662E+02  2.8691E+02  9.1981E-01  2.8180E+04  2.1520E+00  8.0680E-02
  6.0000E+00  1.9662E+02  2.8691E+02  9.1981E-01  2.8180E+04  2.1520E+00  8.0680E-02
  6.0000E+00  1.9662E+02  2.8691E+02  9.1981E-01  2.8180E+04  2.1520E+00  8.0680E-02
  6.0000E+00  1.9662E+02  2.8691E+02  9.1981E-01  2.8180E+04  2.1520E+00  8.0680E-02
  6.0000E+00  1.9662E+02  2.8691E+02  9.1981E-01  2.8180E+04  2.1520E+00  8.0680E-02
  6.0000E+00  1.9662E+02  2.8691E+02  9.1981E-01  2.8180E+04  2.1520E+00  8.0680E-02
  6.0000E+00  1.9662E+02  2.8691E+02  9.1981E-01  2.8180E+04  2.1520E+00  8.0680E-02
  6.0000E+00  1.9662E+02  2.8691E+02  9.1981E-01  2.8180E+04  2.1520E+00  8.0680E-02
  6.0000E+00  1.9662E+02  2.8691E+02  9.1981E-01  2.8180E+04  2.1520E+00  8.0680E-02
  6.0000E+00  1.9662E+02  2.8691E+02  9.1981E-01  2.8180E+04  2.1520E+00  8.0680E-02
