TABLE NO.  2
 ID          CL          V2          Q           V3          KA          F1
  1.0000E+00  9.0092E+01  2.1308E+01  3.8031E+12  1.0638E+02  2.1881E+00  3.7725E+00
  1.0000E+00  9.0092E+01  2.1308E+01  3.8031E+12  1.0638E+02  2.1881E+00  3.7725E+00
  1.0000E+00  9.0092E+01  2.1308E+01  3.8031E+12  1.0638E+02  2.1881E+00  3.7725E+00
  1.0000E+00  9.0092E+01  2.1308E+01  3.8031E+12  1.0638E+02  2.1881E+00  3.7725E+00
  1.0000E+00  9.0092E+01  2.1308E+01  3.8031E+12  1.0638E+02  2.1881E+00  3.7725E+00
  1.0000E+00  9.0092E+01  2.1308E+01  3.8031E+12  1.0638E+02  2.1881E+00  3.7725E+00
  1.0000E+00  9.0092E+01  2.1308E+01  3.8031E+12  1.0638E+02  2.1881E+00  3.7725E+00
  1.0000E+00  9.0092E+01  2.1308E+01  3.8031E+12  1.0638E+02  2.1881E+00  3.7725E+00
  1.0000E+00  9.0092E+01  2.1308E+01  3.8031E+12  1.0638E+02  2.1881E+00  3.7725E+00
  1.0000E+00  9.0092E+01  2.1308E+01  3.8031E+12  1.0638E+02  2.1881E+00  3.7725E+00
  2.0000E+00  9.0083E+01  2.1312E+01  3.8031E+12  8.5656E+01  2.1883E+00  3.7725E+00
  2.0000E+00  9.0083E+01  2.1312E+01  3.8031E+12  8.5656E+01  2.1883E+00  3.7725E+00
  2.0000E+00  9.0083E+01  2.1312E+01  3.8031E+12  8.5656E+01  2.1883E+00  3.7725E+00
  2.0000E+00  9.0083E+01  2.1312E+01  3.8031E+12  8.5656E+01  2.1883E+00  3.7725E+00
  2.0000E+00  9.0083E+01  2.1312E+01  3.8031E+12  8.5656E+01  2.1883E+00  3.7725E+00
  2.0000E+00  9.0083E+01  2.1312E+01  3.8031E+12  8.5656E+01  2.1883E+00  3.7725E+00
  2.0000E+00  9.0083E+01  2.1312E+01  3.8031E+12  8.5656E+01  2.1883E+00  3.7725E+00
  2.0000E+00  9.0083E+01  2.1312E+01  3.8031E+12  8.5656E+01  2.1883E+00  3.7725E+00
  2.0000E+00  9.0083E+01  2.1312E+01  3.8031E+12  8.5656E+01  2.1883E+00  3.7725E+00
  2.0000E+00  9.0083E+01  2.1312E+01  3.8031E+12  8.5656E+01  2.1883E+00  3.7725E+00
  3.0000E+00  9.0088E+01  2.1310E+01  3.8031E+12  9.7122E+01  2.1882E+00  3.7725E+00
  3.0000E+00  9.0088E+01  2.1310E+01  3.8031E+12  9.7122E+01  2.1882E+00  3.7725E+00
  3.0000E+00  9.0088E+01  2.1310E+01  3.8031E+12  9.7122E+01  2.1882E+00  3.7725E+00
  3.0000E+00  9.0088E+01  2.1310E+01  3.8031E+12  9.7122E+01  2.1882E+00  3.7725E+00
  3.0000E+00  9.0088E+01  2.1310E+01  3.8031E+12  9.7122E+01  2.1882E+00  3.7725E+00
  3.0000E+00  9.0088E+01  2.1310E+01  3.8031E+12  9.7122E+01  2.1882E+00  3.7725E+00
  3.0000E+00  9.0088E+01  2.1310E+01  3.8031E+12  9.7122E+01  2.1882E+00  3.7725E+00
  3.0000E+00  9.0088E+01  2.1310E+01  3.8031E+12  9.7122E+01  2.1882E+00  3.7725E+00
  3.0000E+00  9.0088E+01  2.1310E+01  3.8031E+12  9.7122E+01  2.1882E+00  3.7725E+00
  3.0000E+00  9.0088E+01  2.1310E+01  3.8031E+12  9.7122E+01  2.1882E+00  3.7725E+00
  4.0000E+00  9.0078E+01  2.1309E+01  3.8031E+12  1.4740E+02  2.1882E+00  3.7736E+00
  4.0000E+00  9.0078E+01  2.1309E+01  3.8031E+12  1.4740E+02  2.1882E+00  3.7736E+00
  4.0000E+00  9.0078E+01  2.1309E+01  3.8031E+12  1.4740E+02  2.1882E+00  3.7736E+00
  4.0000E+00  9.0078E+01  2.1309E+01  3.8031E+12  1.4740E+02  2.1882E+00  3.7736E+00
  4.0000E+00  9.0078E+01  2.1309E+01  3.8031E+12  1.4740E+02  2.1882E+00  3.7736E+00
  4.0000E+00  9.0078E+01  2.1309E+01  3.8031E+12  1.4740E+02  2.1882E+00  3.7736E+00
  4.0000E+00  9.0078E+01  2.1309E+01  3.8031E+12  1.4740E+02  2.1882E+00  3.7736E+00
  4.0000E+00  9.0078E+01  2.1309E+01  3.8031E+12  1.4740E+02  2.1882E+00  3.7736E+00
  4.0000E+00  9.0078E+01  2.1309E+01  3.8031E+12  1.4740E+02  2.1882E+00  3.7736E+00
  4.0000E+00  9.0078E+01  2.1309E+01  3.8031E+12  1.4740E+02  2.1882E+00  3.7736E+00
  5.0000E+00  9.0081E+01  2.1311E+01  3.8031E+12  1.0087E+02  2.1882E+00  3.7736E+00
  5.0000E+00  9.0081E+01  2.1311E+01  3.8031E+12  1.0087E+02  2.1882E+00  3.7736E+00
  5.0000E+00  9.0081E+01  2.1311E+01  3.8031E+12  1.0087E+02  2.1882E+00  3.7736E+00
  5.0000E+00  9.0081E+01  2.1311E+01  3.8031E+12  1.0087E+02  2.1882E+00  3.7736E+00
  5.0000E+00  9.0081E+01  2.1311E+01  3.8031E+12  1.0087E+02  2.1882E+00  3.7736E+00
  5.0000E+00  9.0081E+01  2.1311E+01  3.8031E+12  1.0087E+02  2.1882E+00  3.7736E+00
  5.0000E+00  9.0081E+01  2.1311E+01  3.8031E+12  1.0087E+02  2.1882E+00  3.7736E+00
  5.0000E+00  9.0081E+01  2.1311E+01  3.8031E+12  1.0087E+02  2.1882E+00  3.7736E+00
  5.0000E+00  9.0081E+01  2.1311E+01  3.8031E+12  1.0087E+02  2.1882E+00  3.7736E+00
  5.0000E+00  9.0081E+01  2.1311E+01  3.8031E+12  1.0087E+02  2.1882E+00  3.7736E+00
  5.0000E+00  9.0081E+01  2.1311E+01  3.8031E+12  1.0087E+02  2.1882E+00  3.7736E+00
  6.0000E+00  9.0080E+01  2.1310E+01  3.8031E+12  1.1040E+02  2.1881E+00  3.7736E+00
  6.0000E+00  9.0080E+01  2.1310E+01  3.8031E+12  1.1040E+02  2.1881E+00  3.7736E+00
  6.0000E+00  9.0080E+01  2.1310E+01  3.8031E+12  1.1040E+02  2.1881E+00  3.7736E+00
  6.0000E+00  9.0080E+01  2.1310E+01  3.8031E+12  1.1040E+02  2.1881E+00  3.7736E+00
  6.0000E+00  9.0080E+01  2.1310E+01  3.8031E+12  1.1040E+02  2.1881E+00  3.7736E+00
  6.0000E+00  9.0080E+01  2.1310E+01  3.8031E+12  1.1040E+02  2.1881E+00  3.7736E+00
  6.0000E+00  9.0080E+01  2.1310E+01  3.8031E+12  1.1040E+02  2.1881E+00  3.7736E+00
  6.0000E+00  9.0080E+01  2.1310E+01  3.8031E+12  1.1040E+02  2.1881E+00  3.7736E+00
  6.0000E+00  9.0080E+01  2.1310E+01  3.8031E+12  1.1040E+02  2.1881E+00  3.7736E+00
  6.0000E+00  9.0080E+01  2.1310E+01  3.8031E+12  1.1040E+02  2.1881E+00  3.7736E+00
  7.0000E+00  9.0072E+01  2.1310E+01  3.8031E+12  1.4542E+02  2.1881E+00  3.7744E+00
  7.0000E+00  9.0072E+01  2.1310E+01  3.8031E+12  1.4542E+02  2.1881E+00  3.7744E+00
  7.0000E+00  9.0072E+01  2.1310E+01  3.8031E+12  1.4542E+02  2.1881E+00  3.7744E+00
  7.0000E+00  9.0072E+01  2.1310E+01  3.8031E+12  1.4542E+02  2.1881E+00  3.7744E+00
  7.0000E+00  9.0072E+01  2.1310E+01  3.8031E+12  1.4542E+02  2.1881E+00  3.7744E+00
  7.0000E+00  9.0072E+01  2.1310E+01  3.8031E+12  1.4542E+02  2.1881E+00  3.7744E+00
  7.0000E+00  9.0072E+01  2.1310E+01  3.8031E+12  1.4542E+02  2.1881E+00  3.7744E+00
  7.0000E+00  9.0072E+01  2.1310E+01  3.8031E+12  1.4542E+02  2.1881E+00  3.7744E+00
  7.0000E+00  9.0072E+01  2.1310E+01  3.8031E+12  1.4542E+02  2.1881E+00  3.7744E+00
  7.0000E+00  9.0072E+01  2.1310E+01  3.8031E+12  1.4542E+02  2.1881E+00  3.7744E+00
  7.0000E+00  9.0072E+01  2.1310E+01  3.8031E+12  1.4542E+02  2.1881E+00  3.7744E+00
  8.0000E+00  9.0092E+01  2.1309E+01  3.8031E+12  9.6248E+01  2.1882E+00  3.7744E+00
  8.0000E+00  9.0092E+01  2.1309E+01  3.8031E+12  9.6248E+01  2.1882E+00  3.7744E+00
  8.0000E+00  9.0092E+01  2.1309E+01  3.8031E+12  9.6248E+01  2.1882E+00  3.7744E+00
  8.0000E+00  9.0092E+01  2.1309E+01  3.8031E+12  9.6248E+01  2.1882E+00  3.7744E+00
  8.0000E+00  9.0092E+01  2.1309E+01  3.8031E+12  9.6248E+01  2.1882E+00  3.7744E+00
  8.0000E+00  9.0092E+01  2.1309E+01  3.8031E+12  9.6248E+01  2.1882E+00  3.7744E+00
  8.0000E+00  9.0092E+01  2.1309E+01  3.8031E+12  9.6248E+01  2.1882E+00  3.7744E+00
  8.0000E+00  9.0092E+01  2.1309E+01  3.8031E+12  9.6248E+01  2.1882E+00  3.7744E+00
  8.0000E+00  9.0092E+01  2.1309E+01  3.8031E+12  9.6248E+01  2.1882E+00  3.7744E+00
  8.0000E+00  9.0092E+01  2.1309E+01  3.8031E+12  9.6248E+01  2.1882E+00  3.7744E+00
  8.0000E+00  9.0092E+01  2.1309E+01  3.8031E+12  9.6248E+01  2.1882E+00  3.7744E+00
  9.0000E+00  9.0092E+01  2.1308E+01  3.8031E+12  9.9584E+01  2.1882E+00  3.7744E+00
  9.0000E+00  9.0092E+01  2.1308E+01  3.8031E+12  9.9584E+01  2.1882E+00  3.7744E+00
  9.0000E+00  9.0092E+01  2.1308E+01  3.8031E+12  9.9584E+01  2.1882E+00  3.7744E+00
  9.0000E+00  9.0092E+01  2.1308E+01  3.8031E+12  9.9584E+01  2.1882E+00  3.7744E+00
  9.0000E+00  9.0092E+01  2.1308E+01  3.8031E+12  9.9584E+01  2.1882E+00  3.7744E+00
  9.0000E+00  9.0092E+01  2.1308E+01  3.8031E+12  9.9584E+01  2.1882E+00  3.7744E+00
  9.0000E+00  9.0092E+01  2.1308E+01  3.8031E+12  9.9584E+01  2.1882E+00  3.7744E+00
  9.0000E+00  9.0092E+01  2.1308E+01  3.8031E+12  9.9584E+01  2.1882E+00  3.7744E+00
  9.0000E+00  9.0092E+01  2.1308E+01  3.8031E+12  9.9584E+01  2.1882E+00  3.7744E+00
  9.0000E+00  9.0092E+01  2.1308E+01  3.8031E+12  9.9584E+01  2.1882E+00  3.7744E+00
  9.0000E+00  9.0092E+01  2.1308E+01  3.8031E+12  9.9584E+01  2.1882E+00  3.7744E+00
