TABLE NO.  2
 ID          CL          V2          Q           V3          KA          DV          PRED        RES         WRES
  1.0000E+00  2.3295E+01  2.2272E+01  2.7895E-01  2.4066E+00  2.1294E+00  0.0000E+00  0.0000E+00  0.0000E+00  0.0000E+00
  1.0000E+00  2.3295E+01  2.2272E+01  2.7895E-01  2.4066E+00  2.1294E+00  0.0000E+00  0.0000E+00  0.0000E+00  0.0000E+00
  1.0000E+00  2.3295E+01  2.2272E+01  2.7895E-01  2.4066E+00  2.1294E+00  1.9100E+01  4.6466E+03 -4.6275E+03 -1.0029E+00
  1.0000E+00  2.3295E+01  2.2272E+01  2.7895E-01  2.4066E+00  2.1294E+00  9.7100E+01  1.0754E+04 -1.0657E+04 -9.9796E-01
  1.0000E+00  2.3295E+01  2.2272E+01  2.7895E-01  2.4066E+00  2.1294E+00  1.3100E+03  1.4569E+04 -1.3259E+04 -9.1650E-01
  1.0000E+00  2.3295E+01  2.2272E+01  2.7895E-01  2.4066E+00  2.1294E+00  8.0500E+03  1.3611E+04 -5.5609E+03 -4.1144E-01
  1.0000E+00  2.3295E+01  2.2272E+01  2.7895E-01  2.4066E+00  2.1294E+00  2.6700E+03  6.3560E+03 -3.6860E+03 -5.8400E-01
  1.0000E+00  2.3295E+01  2.2272E+01  2.7895E-01  2.4066E+00  2.1294E+00  2.2500E+02  8.8008E+02 -6.5508E+02 -7.4953E-01
  1.0000E+00  2.3295E+01  2.2272E+01  2.7895E-01  2.4066E+00  2.1294E+00  7.7700E+01  3.3031E+01  4.4669E+01  1.3619E+00
  1.0000E+00  2.3295E+01  2.2272E+01  2.7895E-01  2.4066E+00  2.1294E+00  2.8800E+00  1.3247E+01 -1.0367E+01 -7.8810E-01
  2.0000E+00  2.3295E+01  2.2272E+01  2.7895E-01  2.4066E+00  2.1294E+00  0.0000E+00  0.0000E+00  0.0000E+00  0.0000E+00
  2.0000E+00  2.3295E+01  2.2272E+01  2.7895E-01  2.4066E+00  2.1294E+00  0.0000E+00  0.0000E+00  0.0000E+00  0.0000E+00
  2.0000E+00  2.3295E+01  2.2272E+01  2.7895E-01  2.4066E+00  2.1294E+00  6.1300E+01  4.6466E+03 -4.5853E+03 -9.9376E-01
  2.0000E+00  2.3295E+01  2.2272E+01  2.7895E-01  2.4066E+00  2.1294E+00  1.8500E+04  1.0754E+04  7.7463E+03  7.2541E-01
  2.0000E+00  2.3295E+01  2.2272E+01  2.7895E-01  2.4066E+00  2.1294E+00  5.4100E+04  1.4569E+04  3.9531E+04  2.7324E+00
  2.0000E+00  2.3295E+01  2.2272E+01  2.7895E-01  2.4066E+00  2.1294E+00  4.0500E+04  1.3611E+04  2.6889E+04  1.9895E+00
  2.0000E+00  2.3295E+01  2.2272E+01  2.7895E-01  2.4066E+00  2.1294E+00  2.3500E+03  6.3560E+03 -4.0060E+03 -6.3472E-01
  2.0000E+00  2.3295E+01  2.2272E+01  2.7895E-01  2.4066E+00  2.1294E+00  4.4400E+02  8.8008E+02 -4.3608E+02 -4.9900E-01
  2.0000E+00  2.3295E+01  2.2272E+01  2.7895E-01  2.4066E+00  2.1294E+00  1.7900E+01  3.3031E+01 -1.5131E+01 -4.6127E-01
  2.0000E+00  2.3295E+01  2.2272E+01  2.7895E-01  2.4066E+00  2.1294E+00  2.8600E+00  1.3247E+01 -1.0387E+01 -7.8960E-01
  3.0000E+00  2.3295E+01  2.2272E+01  2.7895E-01  2.4066E+00  2.1294E+00  0.0000E+00  0.0000E+00  0.0000E+00  0.0000E+00
  3.0000E+00  2.3295E+01  2.2272E+01  2.7895E-01  2.4066E+00  2.1294E+00  0.0000E+00  0.0000E+00  0.0000E+00  0.0000E+00
  3.0000E+00  2.3295E+01  2.2272E+01  2.7895E-01  2.4066E+00  2.1294E+00  1.2500E+01  4.6466E+03 -4.6341E+03 -1.0043E+00
  3.0000E+00  2.3295E+01  2.2272E+01  2.7895E-01  2.4066E+00  2.1294E+00  2.1100E+02  1.0754E+04 -1.0543E+04 -9.8729E-01
  3.0000E+00  2.3295E+01  2.2272E+01  2.7895E-01  2.4066E+00  2.1294E+00  2.9500E+04  1.4569E+04  1.4931E+04  1.0320E+00
  3.0000E+00  2.3295E+01  2.2272E+01  2.7895E-01  2.4066E+00  2.1294E+00  3.6100E+04  1.3611E+04  2.2489E+04  1.6639E+00
  3.0000E+00  2.3295E+01  2.2272E+01  2.7895E-01  2.4066E+00  2.1294E+00  1.1800E+03  6.3560E+03 -5.1760E+03 -8.2009E-01
  3.0000E+00  2.3295E+01  2.2272E+01  2.7895E-01  2.4066E+00  2.1294E+00  1.0900E+02  8.8008E+02 -7.7108E+02 -8.8229E-01
  3.0000E+00  2.3295E+01  2.2272E+01  2.7895E-01  2.4066E+00  2.1294E+00  3.2000E+01  3.3031E+01 -1.0314E+00 -3.1347E-02
  3.0000E+00  2.3295E+01  2.2272E+01  2.7895E-01  2.4066E+00  2.1294E+00  4.6600E+00  1.3247E+01 -8.5872E+00 -6.5274E-01
  4.0000E+00  2.3294E+01  2.2273E+01  2.7895E-01  2.4066E+00  2.1294E+00  0.0000E+00  0.0000E+00  0.0000E+00  0.0000E+00
  4.0000E+00  2.3294E+01  2.2273E+01  2.7895E-01  2.4066E+00  2.1294E+00  0.0000E+00  0.0000E+00  0.0000E+00  0.0000E+00
  4.0000E+00  2.3294E+01  2.2273E+01  2.7895E-01  2.4066E+00  2.1294E+00  2.0000E+02  3.2261E+04 -3.2061E+04 -1.0008E+00
  4.0000E+00  2.3294E+01  2.2273E+01  2.7895E-01  2.4066E+00  2.1294E+00  3.7400E+02  4.3708E+04 -4.3334E+04 -9.9843E-01
  4.0000E+00  2.3294E+01  2.2273E+01  2.7895E-01  2.4066E+00  2.1294E+00  4.2400E+02  4.0833E+04 -4.0409E+04 -9.9659E-01
  4.0000E+00  2.3294E+01  2.2273E+01  2.7895E-01  2.4066E+00  2.1294E+00  1.9800E+04  1.9068E+04  7.3191E+02  3.8665E-02
  4.0000E+00  2.3294E+01  2.2273E+01  2.7895E-01  2.4066E+00  2.1294E+00  6.1800E+02  2.6402E+03 -2.0222E+03 -7.7128E-01
  4.0000E+00  2.3294E+01  2.2273E+01  2.7895E-01  2.4066E+00  2.1294E+00  2.2200E+02  9.9094E+01  1.2291E+02  1.2490E+00
  4.0000E+00  2.3294E+01  2.2273E+01  2.7895E-01  2.4066E+00  2.1294E+00  1.1300E+02  3.9742E+01  7.3258E+01  1.8563E+00
  4.0000E+00  2.3294E+01  2.2273E+01  2.7895E-01  2.4066E+00  2.1294E+00  2.0700E+01  9.9379E+00  1.0762E+01  1.0905E+00
  5.0000E+00  2.3294E+01  2.2273E+01  2.7895E-01  2.4066E+00  2.1294E+00  0.0000E+00  0.0000E+00  0.0000E+00  0.0000E+00
  5.0000E+00  2.3294E+01  2.2273E+01  2.7895E-01  2.4066E+00  2.1294E+00  0.0000E+00  0.0000E+00  0.0000E+00  0.0000E+00
  5.0000E+00  2.3294E+01  2.2273E+01  2.7895E-01  2.4066E+00  2.1294E+00  1.2200E+03  1.3940E+04 -1.2720E+04 -9.1891E-01
  5.0000E+00  2.3294E+01  2.2273E+01  2.7895E-01  2.4066E+00  2.1294E+00  1.8300E+04  3.2261E+04 -1.3961E+04 -4.3581E-01
  5.0000E+00  2.3294E+01  2.2273E+01  2.7895E-01  2.4066E+00  2.1294E+00  1.0800E+05  4.3708E+04  6.4292E+04  1.4813E+00
  5.0000E+00  2.3294E+01  2.2273E+01  2.7895E-01  2.4066E+00  2.1294E+00  6.6900E+04  4.0833E+04  2.6067E+04  6.4289E-01
  5.0000E+00  2.3294E+01  2.2273E+01  2.7895E-01  2.4066E+00  2.1294E+00  5.1200E+04  1.9068E+04  3.2132E+04  1.6970E+00
  5.0000E+00  2.3294E+01  2.2273E+01  2.7895E-01  2.4066E+00  2.1294E+00  3.2000E+03  2.6402E+03  5.5976E+02  2.1342E-01
  5.0000E+00  2.3294E+01  2.2273E+01  2.7895E-01  2.4066E+00  2.1294E+00  1.4900E+02  9.9094E+01  4.9906E+01  5.0703E-01
  5.0000E+00  2.3294E+01  2.2273E+01  2.7895E-01  2.4066E+00  2.1294E+00  1.8300E+01  3.9742E+01 -2.1442E+01 -5.4340E-01
  5.0000E+00  2.3294E+01  2.2273E+01  2.7895E-01  2.4066E+00  2.1294E+00  1.0700E+01  9.9379E+00  7.6205E-01  7.7154E-02
  6.0000E+00  2.3294E+01  2.2273E+01  2.7895E-01  2.4066E+00  2.1294E+00  0.0000E+00  0.0000E+00  0.0000E+00  0.0000E+00
  6.0000E+00  2.3294E+01  2.2273E+01  2.7895E-01  2.4066E+00  2.1294E+00  0.0000E+00  0.0000E+00  0.0000E+00  0.0000E+00
  6.0000E+00  2.3294E+01  2.2273E+01  2.7895E-01  2.4066E+00  2.1294E+00  4.5000E+02  1.3940E+04 -1.3490E+04 -9.7454E-01
  6.0000E+00  2.3294E+01  2.2273E+01  2.7895E-01  2.4066E+00  2.1294E+00  7.1900E+03  3.2261E+04 -2.5071E+04 -7.8261E-01
  6.0000E+00  2.3294E+01  2.2273E+01  2.7895E-01  2.4066E+00  2.1294E+00  3.3700E+04  4.3708E+04 -1.0008E+04 -2.3059E-01
  6.0000E+00  2.3294E+01  2.2273E+01  2.7895E-01  2.4066E+00  2.1294E+00  9.9700E+04  4.0833E+04  5.8867E+04  1.4518E+00
  6.0000E+00  2.3294E+01  2.2273E+01  2.7895E-01  2.4066E+00  2.1294E+00  6.2300E+04  1.9068E+04  4.3232E+04  2.2832E+00
  6.0000E+00  2.3294E+01  2.2273E+01  2.7895E-01  2.4066E+00  2.1294E+00  1.5900E+03  2.6402E+03 -1.0502E+03 -4.0066E-01
  6.0000E+00  2.3294E+01  2.2273E+01  2.7895E-01  2.4066E+00  2.1294E+00  1.9200E+02  9.9094E+01  9.2906E+01  9.4402E-01
  6.0000E+00  2.3294E+01  2.2273E+01  2.7895E-01  2.4066E+00  2.1294E+00  3.2300E+01  3.9742E+01 -7.4416E+00 -1.8865E-01
