TABLE NO.  1
 ID          TIME        IPRED       IWRES       DV          PRED        RES         WRES
  1.0000E+00  0.0000E+00  0.0000E+00  0.0000E+00  0.0000E+00  0.0000E+00  0.0000E+00  0.0000E+00
  1.0000E+00  0.0000E+00  0.0000E+00  0.0000E+00  0.0000E+00  0.0000E+00  0.0000E+00  0.0000E+00
  1.0000E+00  8.3000E-02  0.0000E+00  1.9100E+05  1.9100E+01  0.0000E+00  1.9100E+01  1.9100E+05
  1.0000E+00  2.5000E-01  0.0000E+00  9.7100E+05  9.7100E+01  0.0000E+00  9.7100E+01  9.7100E+05
  1.0000E+00  5.0000E-01  1.0848E+03  4.1530E-01  1.3100E+03  0.0000E+00  1.3100E+03  1.3100E+07
  1.0000E+00  1.0000E+00  1.3604E+04 -8.1655E-01  8.0500E+03  4.0292E+01  8.0097E+03  7.7324E-03
  1.0000E+00  2.0000E+00  2.0773E+03  5.7061E-01  2.6700E+03  2.4257E+04 -2.1587E+04 -1.5113E+00
  1.0000E+00  4.0000E+00  1.7337E+02  5.9567E-01  2.2500E+02  1.5815E+04 -1.5590E+04 -1.1041E+00
  1.0000E+00  8.0000E+00  7.0187E+01  2.1409E-01  7.7700E+01  8.1640E+03 -8.0863E+03 -3.1698E-01
  1.0000E+00  1.2000E+01  3.5974E+01 -1.8399E+00  2.8800E+00  5.2066E+03 -5.2037E+03 -1.6805E-04
  2.0000E+00  0.0000E+00  0.0000E+00  0.0000E+00  0.0000E+00  0.0000E+00  0.0000E+00  0.0000E+00
  2.0000E+00  0.0000E+00  0.0000E+00  0.0000E+00  0.0000E+00  0.0000E+00  0.0000E+00  0.0000E+00
  2.0000E+00  8.3000E-02  0.0000E+00  6.1300E+05  6.1300E+01  0.0000E+00  6.1300E+01  6.1300E+05
  2.0000E+00  2.5000E-01  0.0000E+00  1.8500E+08  1.8500E+04  0.0000E+00  1.8500E+04  1.8500E+08
  2.0000E+00  5.0000E-01  2.3264E+04  2.6510E+00  5.4100E+04  0.0000E+00  5.4100E+04  5.4100E+08
  2.0000E+00  1.0000E+00  2.6656E+04  1.0387E+00  4.0500E+04  4.0292E+01  4.0460E+04  1.6286E-01
  2.0000E+00  2.0000E+00  2.1829E+04 -1.7847E+00  2.3500E+03  2.4257E+04 -2.1907E+04 -1.5038E+00
  2.0000E+00  4.0000E+00  1.5158E+04 -1.9414E+00  4.4400E+02  1.5815E+04 -1.5371E+04 -1.0603E+00
  2.0000E+00  8.0000E+00  8.5098E+03 -1.9958E+00  1.7900E+01  8.1640E+03 -8.1461E+03 -3.2657E-01
  2.0000E+00  1.2000E+01  5.6341E+03 -1.9990E+00  2.8600E+00  5.2066E+03 -5.2037E+03 -7.1545E-03
  3.0000E+00  0.0000E+00  0.0000E+00  0.0000E+00  0.0000E+00  0.0000E+00  0.0000E+00  0.0000E+00
  3.0000E+00  0.0000E+00  0.0000E+00  0.0000E+00  0.0000E+00  0.0000E+00  0.0000E+00  0.0000E+00
  3.0000E+00  8.3000E-02  0.0000E+00  1.2500E+05  1.2500E+01  0.0000E+00  1.2500E+01  1.2500E+05
  3.0000E+00  2.5000E-01  0.0000E+00  2.1100E+06  2.1100E+02  0.0000E+00  2.1100E+02  2.1100E+06
  3.0000E+00  5.0000E-01  1.7072E+04  1.4559E+00  2.9500E+04  0.0000E+00  2.9500E+04  2.9500E+08
  3.0000E+00  1.0000E+00  1.3637E+04  3.2946E+00  3.6100E+04  4.0292E+01  3.6060E+04  1.4040E-01
  3.0000E+00  2.0000E+00  2.7649E+03 -1.1465E+00  1.1800E+03  2.4257E+04 -2.3077E+04 -1.5983E+00
  3.0000E+00  4.0000E+00  1.4120E+02 -4.5611E-01  1.0900E+02  1.5815E+04 -1.5706E+04 -1.0899E+00
  3.0000E+00  8.0000E+00  2.6375E+01  4.2650E-01  3.2000E+01  8.1640E+03 -8.1320E+03 -3.0954E-01
  3.0000E+00  1.2000E+01  2.1557E+01 -1.5677E+00  4.6600E+00  5.2066E+03 -5.2019E+03  8.8408E-03
  4.0000E+00  0.0000E+00  0.0000E+00  0.0000E+00  0.0000E+00  0.0000E+00  0.0000E+00  0.0000E+00
  4.0000E+00  0.0000E+00  0.0000E+00  0.0000E+00  0.0000E+00  0.0000E+00  0.0000E+00  0.0000E+00
  4.0000E+00  2.5000E-01  0.0000E+00  2.0000E+06  2.0000E+02  0.0000E+00  2.0000E+02  2.0000E+06
  4.0000E+00  5.0000E-01  0.0000E+00  3.7400E+06  3.7400E+02  0.0000E+00  3.7400E+02  3.7400E+06
  4.0000E+00  1.0000E+00  3.5121E+02  4.1454E-01  4.2400E+02  1.2088E+02  3.0312E+02 -2.6431E-02
  4.0000E+00  2.0000E+00  1.4677E+04  6.9816E-01  1.9800E+04  7.2772E+04 -5.2972E+04 -1.2163E+00
  4.0000E+00  4.0000E+00  5.5403E+02  2.3092E-01  6.1800E+02  4.7444E+04 -4.6826E+04 -1.1486E+00
  4.0000E+00  8.0000E+00  1.8629E+02  3.8335E-01  2.2200E+02  2.4492E+04 -2.4270E+04 -3.8865E-01
  4.0000E+00  1.2000E+01  1.0443E+02  1.6420E-01  1.1300E+02  1.5620E+04 -1.5507E+04 -8.2085E-02
  4.0000E+00  2.4000E+01  1.8409E+01  2.4888E-01  2.0700E+01  6.5211E+03 -6.5004E+03  2.7068E-01
  5.0000E+00  0.0000E+00  0.0000E+00  0.0000E+00  0.0000E+00  0.0000E+00  0.0000E+00  0.0000E+00
  5.0000E+00  0.0000E+00  0.0000E+00  0.0000E+00  0.0000E+00  0.0000E+00  0.0000E+00  0.0000E+00
  5.0000E+00  8.3000E-02  0.0000E+00  1.2200E+07  1.2200E+03  0.0000E+00  1.2200E+03  1.2200E+07
  5.0000E+00  2.5000E-01  0.0000E+00  1.8300E+08  1.8300E+04  0.0000E+00  1.8300E+04  1.8300E+08
  5.0000E+00  5.0000E-01  6.6349E+04  1.2555E+00  1.0800E+05  0.0000E+00  1.0800E+05  1.0800E+09
  5.0000E+00  1.0000E+00  7.9958E+04 -3.2662E-01  6.6900E+04  1.2088E+02  6.6779E+04  9.0940E-02
  5.0000E+00  2.0000E+00  6.5071E+04 -4.2633E-01  5.1200E+04  7.2772E+04 -2.1572E+04 -3.7766E-01
  5.0000E+00  4.0000E+00  4.4647E+04 -1.8567E+00  3.2000E+03  4.7444E+04 -4.4244E+04 -1.0995E+00
  5.0000E+00  8.0000E+00  2.4586E+04 -1.9879E+00  1.4900E+02  2.4492E+04 -2.4343E+04 -4.7180E-01
  5.0000E+00  1.2000E+01  1.6046E+04 -1.9977E+00  1.8300E+01  1.5620E+04 -1.5601E+04 -1.6764E-01
  5.0000E+00  2.4000E+01  6.7842E+03 -1.9968E+00  1.0700E+01  6.5211E+03 -6.5104E+03  1.9935E-01
  6.0000E+00  0.0000E+00  0.0000E+00  0.0000E+00  0.0000E+00  0.0000E+00  0.0000E+00  0.0000E+00
  6.0000E+00  0.0000E+00  0.0000E+00  0.0000E+00  0.0000E+00  0.0000E+00  0.0000E+00  0.0000E+00
  6.0000E+00  8.3000E-02  0.0000E+00  4.5000E+06  4.5000E+02  0.0000E+00  4.5000E+02  4.5000E+06
  6.0000E+00  2.5000E-01  0.0000E+00  7.1900E+07  7.1900E+03  0.0000E+00  7.1900E+03  7.1900E+07
  6.0000E+00  5.0000E-01  2.7160E+04  4.8163E-01  3.3700E+04  0.0000E+00  3.3700E+04  3.3700E+08
  6.0000E+00  1.0000E+00  8.0847E+04  4.6638E-01  9.9700E+04  1.2088E+02  9.9579E+04  1.4698E-01
  6.0000E+00  2.0000E+00  6.4787E+04 -7.6762E-02  6.2300E+04  7.2772E+04 -1.0472E+04 -7.1359E-02
  6.0000E+00  4.0000E+00  4.3266E+04 -1.9265E+00  1.5900E+03  4.7444E+04 -4.5854E+04 -1.1511E+00
  6.0000E+00  8.0000E+00  2.3287E+04 -1.9835E+00  1.9200E+02  2.4492E+04 -2.4300E+04 -4.4966E-01
  6.0000E+00  1.2000E+01  1.5228E+04 -1.9958E+00  3.2300E+01  1.5620E+04 -1.5587E+04 -1.3022E-01
