TABLE NO.  1
 ID          TIME        IPRED       IWRES       DV          PRED        RES         WRES
  1.0000E+00  0.0000E+00  0.0000E+00  0.0000E+00  0.0000E+00  0.0000E+00  0.0000E+00  0.0000E+00
  1.0000E+00  0.0000E+00  0.0000E+00  0.0000E+00  0.0000E+00  0.0000E+00  0.0000E+00  0.0000E+00
  1.0000E+00  8.3000E-02  4.6582E+03 -1.0029E+00  1.9100E+01  4.6586E+03 -4.6395E+03 -1.0029E+00
  1.0000E+00  2.5000E-01  1.0733E+04 -9.9794E-01  9.7100E+01  1.0736E+04 -1.0639E+04 -9.9794E-01
  1.0000E+00  5.0000E-01  1.4444E+04 -9.1572E-01  1.3100E+03  1.4452E+04 -1.3142E+04 -9.1576E-01
  1.0000E+00  1.0000E+00  1.3307E+04 -3.9784E-01  8.0500E+03  1.3321E+04 -5.2705E+03 -3.9844E-01
  1.0000E+00  2.0000E+00  6.0430E+03 -5.6210E-01  2.6700E+03  6.0504E+03 -3.3804E+03 -5.6260E-01
  1.0000E+00  4.0000E+00  8.1058E+02 -7.2751E-01  2.2500E+02  8.0830E+02 -5.8330E+02 -7.2646E-01
  1.0000E+00  8.0000E+00  3.0663E+01  1.5448E+00  7.7700E+01  3.4409E+01  4.3291E+01  1.2503E+00
  1.0000E+00  1.2000E+01  5.5704E+00 -4.8639E-01  2.8800E+00  9.0206E+00 -6.1406E+00 -5.4468E-01
  2.0000E+00  0.0000E+00  0.0000E+00  0.0000E+00  0.0000E+00  0.0000E+00  0.0000E+00  0.0000E+00
  2.0000E+00  0.0000E+00  0.0000E+00  0.0000E+00  0.0000E+00  0.0000E+00  0.0000E+00  0.0000E+00
  2.0000E+00  8.3000E-02  4.6575E+03 -9.9380E-01  6.1300E+01  4.6586E+03 -4.5973E+03 -9.9380E-01
  2.0000E+00  2.5000E-01  1.0729E+04  7.2941E-01  1.8500E+04  1.0736E+04  7.7636E+03  7.2820E-01
  2.0000E+00  5.0000E-01  1.4433E+04  2.7678E+00  5.4100E+04  1.4452E+04  3.9648E+04  2.7627E+00
  2.0000E+00  1.0000E+00  1.3289E+04  2.0622E+00  4.0500E+04  1.3321E+04  2.7179E+04  2.0548E+00
  2.0000E+00  2.0000E+00  6.0335E+03 -6.1481E-01  2.3500E+03  6.0504E+03 -3.7004E+03 -6.1593E-01
  2.0000E+00  4.0000E+00  8.0982E+02 -4.5491E-01  4.4400E+02  8.0830E+02 -3.6430E+02 -4.5385E-01
  2.0000E+00  8.0000E+00  2.3397E+01 -2.3662E-01  1.7900E+01  3.4409E+01 -1.6509E+01 -4.6430E-01
  2.0000E+00  1.2000E+01  2.0728E+00  3.8246E-01  2.8600E+00  9.0206E+00 -6.1606E+00 -4.5496E-01
  3.0000E+00  0.0000E+00  0.0000E+00  0.0000E+00  0.0000E+00  0.0000E+00  0.0000E+00  0.0000E+00
  3.0000E+00  0.0000E+00  0.0000E+00  0.0000E+00  0.0000E+00  0.0000E+00  0.0000E+00  0.0000E+00
  3.0000E+00  8.3000E-02  4.6578E+03 -1.0043E+00  1.2500E+01  4.6586E+03 -4.6461E+03 -1.0043E+00
  3.0000E+00  2.5000E-01  1.0731E+04 -9.8725E-01  2.1100E+02  1.0736E+04 -1.0525E+04 -9.8726E-01
  3.0000E+00  5.0000E-01  1.4437E+04  1.0506E+00  2.9500E+04  1.4452E+04  1.5048E+04  1.0485E+00
  3.0000E+00  1.0000E+00  1.3296E+04  1.7272E+00  3.6100E+04  1.3321E+04  2.2779E+04  1.7221E+00
  3.0000E+00  2.0000E+00  6.0366E+03 -8.1020E-01  1.1800E+03  6.0504E+03 -4.8704E+03 -8.1063E-01
  3.0000E+00  4.0000E+00  8.1055E+02 -8.7163E-01  1.0900E+02  8.0830E+02 -6.9930E+02 -8.7104E-01
  3.0000E+00  8.0000E+00  2.6769E+01  1.9678E-01  3.2000E+01  3.4409E+01 -2.4085E+00 -6.2818E-02
  3.0000E+00  1.2000E+01  3.3780E+00  3.8219E-01  4.6600E+00  9.0206E+00 -4.3606E+00 -3.3733E-01
  4.0000E+00  0.0000E+00  0.0000E+00  0.0000E+00  0.0000E+00  0.0000E+00  0.0000E+00  0.0000E+00
  4.0000E+00  0.0000E+00  0.0000E+00  0.0000E+00  0.0000E+00  0.0000E+00  0.0000E+00  0.0000E+00
  4.0000E+00  2.5000E-01  3.2234E+04 -1.0008E+00  2.0000E+02  3.2209E+04 -3.2009E+04 -1.0008E+00
  4.0000E+00  5.0000E-01  4.3423E+04 -9.9838E-01  3.7400E+02  4.3357E+04 -4.2983E+04 -9.9836E-01
  4.0000E+00  1.0000E+00  4.0081E+04 -9.9640E-01  4.2400E+02  3.9962E+04 -3.9538E+04 -9.9635E-01
  4.0000E+00  2.0000E+00  1.8237E+04  8.6337E-02  1.9800E+04  1.8151E+04  1.6487E+03  9.1492E-02
  4.0000E+00  4.0000E+00  2.4056E+03 -7.4834E-01  6.1800E+02  2.4249E+03 -1.8069E+03 -7.5000E-01
  4.0000E+00  8.0000E+00  1.0460E+02  1.1303E+00  2.2200E+02  1.0323E+02  1.1877E+02  1.0764E+00
  4.0000E+00  1.2000E+01  4.5798E+01  1.4777E+00  1.1300E+02  2.7062E+01  8.5938E+01  2.0151E+00
  4.0000E+00  2.4000E+01  9.9322E+00  1.0918E+00  2.0700E+01  1.1660E+00  1.9534E+01  4.2057E+00
  5.0000E+00  0.0000E+00  0.0000E+00  0.0000E+00  0.0000E+00  0.0000E+00  0.0000E+00  0.0000E+00
  5.0000E+00  0.0000E+00  0.0000E+00  0.0000E+00  0.0000E+00  0.0000E+00  0.0000E+00  0.0000E+00
  5.0000E+00  8.3000E-02  1.3978E+04 -9.1915E-01  1.2200E+03  1.3976E+04 -1.2756E+04 -9.1914E-01
  5.0000E+00  2.5000E-01  3.2224E+04 -4.3515E-01  1.8300E+04  3.2209E+04 -1.3909E+04 -4.3489E-01
  5.0000E+00  5.0000E-01  4.3397E+04  1.4992E+00  1.0800E+05  4.3357E+04  6.4643E+04  1.5015E+00
  5.0000E+00  1.0000E+00  4.0032E+04  6.7588E-01  6.6900E+04  3.9962E+04  2.6938E+04  6.7883E-01
  5.0000E+00  2.0000E+00  1.8199E+04  1.8262E+00  5.1200E+04  1.8151E+04  3.3049E+04  1.8335E+00
  5.0000E+00  4.0000E+00  2.4116E+03  3.2924E-01  3.2000E+03  2.4249E+03  7.7510E+02  3.2167E-01
  5.0000E+00  8.0000E+00  1.0828E+02  3.7876E-01  1.4900E+02  1.0323E+02  4.5774E+01  4.3340E-01
  5.0000E+00  1.2000E+01  4.1254E+01 -5.6033E-01  1.8300E+01  2.7062E+01 -8.7618E+00 -3.3674E-01
  5.0000E+00  2.4000E+01  5.5147E+00  9.4689E-01  1.0700E+01  1.1660E+00  9.5340E+00  2.4954E+00
  6.0000E+00  0.0000E+00  0.0000E+00  0.0000E+00  0.0000E+00  0.0000E+00  0.0000E+00  0.0000E+00
  6.0000E+00  0.0000E+00  0.0000E+00  0.0000E+00  0.0000E+00  0.0000E+00  0.0000E+00  0.0000E+00
  6.0000E+00  8.3000E-02  1.3975E+04 -9.7462E-01  4.5000E+02  1.3976E+04 -1.3526E+04 -9.7463E-01
  6.0000E+00  2.5000E-01  3.2207E+04 -7.8223E-01  7.1900E+03  3.2209E+04 -2.5019E+04 -7.8226E-01
  6.0000E+00  5.0000E-01  4.3350E+04 -2.2418E-01  3.3700E+04  4.3357E+04 -9.6568E+03 -2.2431E-01
  6.0000E+00  1.0000E+00  3.9951E+04  1.5061E+00  9.9700E+04  3.9962E+04  5.9738E+04  1.5054E+00
  6.0000E+00  2.0000E+00  1.8147E+04  2.4502E+00  6.2300E+04  1.8151E+04  4.4149E+04  2.4493E+00
  6.0000E+00  4.0000E+00  2.4293E+03 -3.4792E-01  1.5900E+03  2.4249E+03 -8.3490E+02 -3.4681E-01
  6.0000E+00  8.0000E+00  9.9853E+01  9.2933E-01  1.9200E+02  1.0323E+02  8.8774E+01  8.4328E-01
  6.0000E+00  1.2000E+01  2.3190E+01  3.9559E-01  3.2300E+01  2.7062E+01  5.2382E+00  8.2323E-02
