TABLE NO.  1
 ID          TIME        IPRED       IWRES       DV          PRED        RES         WRES
  1.0000E+00  0.0000E+00  0.0000E+00  0.0000E+00  0.0000E+00  0.0000E+00  0.0000E+00  0.0000E+00
  1.0000E+00  0.0000E+00  0.0000E+00  0.0000E+00  0.0000E+00  0.0000E+00  0.0000E+00  0.0000E+00
  1.0000E+00  8.3000E-02  3.0438E+03 -7.9160E-01  1.9100E+01  3.0183E+03 -2.9992E+03 -7.6305E-01
  1.0000E+00  2.5000E-01  7.2369E+03 -7.8591E-01  9.7100E+01  7.1802E+03 -7.0831E+03 -7.6527E-01
  1.0000E+00  5.0000E-01  1.0254E+04 -6.9483E-01  1.3100E+03  1.0183E+04 -8.8734E+03 -6.7866E-01
  1.0000E+00  1.0000E+00  1.0640E+04 -1.9389E-01  8.0500E+03  1.0588E+04 -2.5383E+03 -1.8028E-01
  1.0000E+00  2.0000E+00  6.4471E+03 -4.6670E-01  2.6700E+03  6.4487E+03 -3.7787E+03 -4.6684E-01
  1.0000E+00  4.0000E+00  1.6533E+03 -6.8818E-01  2.2500E+02  1.6734E+03 -1.4484E+03 -7.3122E-01
  1.0000E+00  8.0000E+00  9.8580E+01 -1.6807E-01  7.7700E+01  1.0230E+02 -2.4596E+01 -2.6525E-01
  1.0000E+00  1.2000E+01  5.8625E+00 -2.2556E-01  2.8800E+00  6.2373E+00 -3.3573E+00 -2.5494E-01
  2.0000E+00  0.0000E+00  0.0000E+00  0.0000E+00  0.0000E+00  0.0000E+00  0.0000E+00  0.0000E+00
  2.0000E+00  0.0000E+00  0.0000E+00  0.0000E+00  0.0000E+00  0.0000E+00  0.0000E+00  0.0000E+00
  2.0000E+00  8.3000E-02  3.6133E+03 -7.8308E-01  6.1300E+01  3.0183E+03 -2.9570E+03 -8.8593E-01
  2.0000E+00  2.5000E-01  8.4858E+03  9.4007E-01  1.8500E+04  7.1802E+03  1.1320E+04  1.1805E+00
  2.0000E+00  5.0000E-01  1.1785E+04  2.8602E+00  5.4100E+04  1.0183E+04  4.3917E+04  3.3784E+00
  2.0000E+00  1.0000E+00  1.1681E+04  1.9654E+00  4.0500E+04  1.0588E+04  2.9912E+04  2.2110E+00
  2.0000E+00  2.0000E+00  6.3414E+03 -5.0140E-01  2.3500E+03  6.4487E+03 -4.0987E+03 -5.0601E-01
  2.0000E+00  4.0000E+00  1.2565E+03 -5.1510E-01  4.4400E+02  1.6734E+03 -1.2294E+03 -4.2403E-01
  2.0000E+00  8.0000E+00  4.3469E+01 -4.5936E-01  1.7900E+01  1.0230E+02 -8.4396E+01 -7.7340E-02
  2.0000E+00  1.2000E+01  1.4970E+00  1.2230E-01  2.8600E+00  6.2373E+00 -3.3773E+00  2.9512E-01
  3.0000E+00  0.0000E+00  0.0000E+00  0.0000E+00  0.0000E+00  0.0000E+00  0.0000E+00  0.0000E+00
  3.0000E+00  0.0000E+00  0.0000E+00  0.0000E+00  0.0000E+00  0.0000E+00  0.0000E+00  0.0000E+00
  3.0000E+00  8.3000E-02  3.2744E+03 -7.9355E-01  1.2500E+01  3.0183E+03 -3.0058E+03 -8.2900E-01
  3.0000E+00  2.5000E-01  7.7464E+03 -7.7490E-01  2.1100E+02  7.1802E+03 -6.9692E+03 -7.9905E-01
  3.0000E+00  5.0000E-01  1.0887E+04  1.3618E+00  2.9500E+04  1.0183E+04  1.9317E+04  1.4912E+00
  3.0000E+00  1.0000E+00  1.1088E+04  1.7968E+00  3.6100E+04  1.0588E+04  2.5512E+04  1.9056E+00
  3.0000E+00  2.0000E+00  6.4254E+03 -6.5030E-01  1.1800E+03  6.4487E+03 -5.2687E+03 -6.5073E-01
  3.0000E+00  4.0000E+00  1.4842E+03 -7.3808E-01  1.0900E+02  1.6734E+03 -1.5644E+03 -6.8934E-01
  3.0000E+00  8.0000E+00  7.1036E+01 -4.3447E-01  3.2000E+01  1.0230E+02 -7.0296E+01 -2.9182E-01
  3.0000E+00  1.2000E+01  3.3888E+00  1.0791E-01  4.6600E+00  6.2373E+00 -1.5773E+00  1.5547E-01
  4.0000E+00  0.0000E+00  0.0000E+00  0.0000E+00  0.0000E+00  0.0000E+00  0.0000E+00  0.0000E+00
  4.0000E+00  0.0000E+00  0.0000E+00  0.0000E+00  0.0000E+00  0.0000E+00  0.0000E+00  0.0000E+00
  4.0000E+00  2.5000E-01  1.6817E+04 -7.8712E-01  2.0000E+02  2.1547E+04 -2.1347E+04 -7.6752E-01
  4.0000E+00  5.0000E-01  2.4447E+04 -7.8441E-01  3.7400E+02  3.0559E+04 -3.0185E+04 -7.7014E-01
  4.0000E+00  1.0000E+00  2.6905E+04 -7.8404E-01  4.2400E+02  3.1774E+04 -3.1350E+04 -7.7439E-01
  4.0000E+00  2.0000E+00  1.8791E+04  4.2760E-02  1.9800E+04  1.9352E+04  4.4837E+02  1.8389E-02
  4.0000E+00  4.0000E+00  6.6957E+03 -7.2307E-01  6.1800E+02  5.0217E+03 -4.4037E+03 -7.3794E-01
  4.0000E+00  8.0000E+00  7.9225E+02 -5.7335E-01  2.2200E+02  3.0698E+02 -8.4978E+01 -3.5131E-01
  4.0000E+00  1.2000E+01  9.3616E+01  1.6422E-01  1.1300E+02  1.8717E+01  9.4283E+01  2.7473E+00
  4.0000E+00  2.4000E+01  1.5446E-01  1.8700E+00  2.0700E+01  4.2427E-03  2.0696E+01  1.8826E+00
  5.0000E+00  0.0000E+00  0.0000E+00  0.0000E+00  0.0000E+00  0.0000E+00  0.0000E+00  0.0000E+00
  5.0000E+00  0.0000E+00  0.0000E+00  0.0000E+00  0.0000E+00  0.0000E+00  0.0000E+00  0.0000E+00
  5.0000E+00  8.3000E-02  9.5342E+03 -6.9466E-01  1.2200E+03  9.0575E+03 -7.8375E+03 -7.2750E-01
  5.0000E+00  2.5000E-01  2.2603E+04 -1.5166E-01  1.8300E+04  2.1547E+04 -3.2469E+03 -1.4830E-01
  5.0000E+00  5.0000E-01  3.1878E+04  1.9022E+00  1.0800E+05  3.0559E+04  7.7441E+04  1.9970E+00
  5.0000E+00  1.0000E+00  3.2724E+04  8.3195E-01  6.6900E+04  3.1774E+04  3.5126E+04  8.6559E-01
  5.0000E+00  2.0000E+00  1.9325E+04  1.3139E+00  5.1200E+04  1.9352E+04  3.1848E+04  1.3111E+00
  5.0000E+00  4.0000E+00  4.6662E+03 -2.5030E-01  3.2000E+03  5.0217E+03 -1.8217E+03 -2.3170E-01
  5.0000E+00  8.0000E+00  2.4520E+02 -3.1234E-01  1.4900E+02  3.0698E+02 -1.5798E+02 -1.8973E-01
  5.0000E+00  1.2000E+01  1.2847E+01  2.7948E-01  1.8300E+01  1.8717E+01 -4.1735E-01  2.8398E-01
  5.0000E+00  2.4000E+01  1.8474E-03  9.7386E-01  1.0700E+01  4.2427E-03  1.0696E+01  9.7397E-01
  6.0000E+00  0.0000E+00  0.0000E+00  0.0000E+00  0.0000E+00  0.0000E+00  0.0000E+00  0.0000E+00
  6.0000E+00  0.0000E+00  0.0000E+00  0.0000E+00  0.0000E+00  0.0000E+00  0.0000E+00  0.0000E+00
  6.0000E+00  8.3000E-02  8.8641E+03 -7.5616E-01  4.5000E+02  9.0575E+03 -8.6075E+03 -7.6726E-01
  6.0000E+00  2.5000E-01  2.1116E+04 -5.2536E-01  7.1900E+03  2.1547E+04 -1.4357E+04 -5.3865E-01
  6.0000E+00  5.0000E-01  3.0017E+04  9.7742E-02  3.3700E+04  3.0559E+04  3.1410E+03  7.5666E-02
  6.0000E+00  1.0000E+00  3.1375E+04  1.7348E+00  9.9700E+04  3.1774E+04  6.7926E+04  1.6986E+00
  6.0000E+00  2.0000E+00  1.9351E+04  1.7680E+00  6.2300E+04  1.9352E+04  4.2948E+04  1.7679E+00
  6.0000E+00  4.0000E+00  5.1713E+03 -5.5167E-01  1.5900E+03  5.0217E+03 -3.4317E+03 -5.2872E-01
  6.0000E+00  8.0000E+00  3.3621E+02 -3.4156E-01  1.9200E+02  3.0698E+02 -1.1498E+02 -2.1608E-01
  6.0000E+00  1.2000E+01  2.1805E+01  3.5583E-01  3.2300E+01  1.8717E+01  1.3583E+01  5.4774E-01
  7.0000E+00  0.0000E+00  0.0000E+00  0.0000E+00  0.0000E+00  0.0000E+00  0.0000E+00  0.0000E+00
  7.0000E+00  0.0000E+00  0.0000E+00  0.0000E+00  0.0000E+00  0.0000E+00  0.0000E+00  0.0000E+00
  7.0000E+00  8.3000E-02  1.5659E+04 -7.8602E-01  2.0800E+02  2.0132E+04 -1.9924E+04 -7.1690E-01
  7.0000E+00  2.5000E-01  3.7793E+04 -7.4875E-01  2.2700E+03  4.7892E+04 -4.5622E+04 -7.1633E-01
  7.0000E+00  5.0000E-01  5.4888E+04 -7.6496E-01  2.1800E+03  6.7923E+04 -6.5743E+04 -7.4085E-01
  7.0000E+00  1.0000E+00  6.0276E+04 -2.0981E-01  4.4400E+04  7.0624E+04 -2.6224E+04 -2.7506E-01
  7.0000E+00  2.0000E+00  4.1877E+04  7.6535E-02  4.5900E+04  4.3013E+04  2.8873E+03  5.3263E-02
  7.0000E+00  4.0000E+00  1.4742E+04  1.6945E+00  4.6100E+04  1.1162E+04  3.4938E+04  2.3700E+00
  7.0000E+00  8.0000E+00  1.7009E+03 -4.3692E-01  7.6800E+02  6.8232E+02  8.5682E+01 -4.6530E-01
  7.0000E+00  1.2000E+01  1.9599E+02  9.3416E-02  2.1900E+02  4.1603E+01  1.7740E+02  1.8780E+00
  7.0000E+00  2.4000E+01  2.9984E-01  1.0281E+00  1.1600E+01  9.4303E-03  1.1591E+01  1.0508E+00
  8.0000E+00  0.0000E+00  0.0000E+00  0.0000E+00  0.0000E+00  0.0000E+00  0.0000E+00  0.0000E+00
  8.0000E+00  0.0000E+00  0.0000E+00  0.0000E+00  0.0000E+00  0.0000E+00  0.0000E+00  0.0000E+00
  8.0000E+00  8.3000E-02  2.1996E+04 -7.6585E-01  8.4900E+02  2.0132E+04 -1.9283E+04 -7.7601E-01
  8.0000E+00  2.5000E-01  5.2012E+04  2.9389E-01  7.1200E+04  4.7892E+04  2.3308E+04  3.7943E-01
  8.0000E+00  5.0000E-01  7.3040E+04  3.4857E-01  1.0500E+05  6.7923E+04  3.7077E+04  4.2876E-01
  8.0000E+00  1.0000E+00  7.4247E+04 -1.4642E-01  6.0600E+04  7.0624E+04 -1.0024E+04 -1.1725E-01
  8.0000E+00  2.0000E+00  4.2827E+04 -5.5293E-01  1.3100E+04  4.3013E+04 -2.9913E+04 -5.5393E-01
  8.0000E+00  4.0000E+00  9.7864E+03 -6.3136E-01  2.0300E+03  1.1162E+04 -9.1317E+03 -6.2904E-01
  8.0000E+00  8.0000E+00  4.5790E+02 -6.4287E-01  8.8300E+01  6.8232E+02 -5.9402E+02 -5.0343E-01
  8.0000E+00  1.2000E+01  2.1352E+01 -3.1249E-01  1.2300E+01  4.1603E+01 -2.9303E+01 -8.3470E-02
  8.0000E+00  2.4000E+01  2.1651E-03  4.3402E-01  4.7700E+00  9.4303E-03  4.7606E+00  4.3455E-01
  9.0000E+00  0.0000E+00  0.0000E+00  0.0000E+00  0.0000E+00  0.0000E+00  0.0000E+00  0.0000E+00
  9.0000E+00  0.0000E+00  0.0000E+00  0.0000E+00  0.0000E+00  0.0000E+00  0.0000E+00  0.0000E+00
  9.0000E+00  8.3000E-02  2.1408E+04 -7.7420E-01  6.0200E+02  2.0132E+04 -1.9530E+04 -7.6720E-01
  9.0000E+00  2.5000E-01  5.0717E+04 -7.2765E-01  4.3900E+03  4.7892E+04 -4.3502E+04 -7.1909E-01
  9.0000E+00  5.0000E-01  7.1444E+04 -2.3018E-01  5.0800E+04  6.7923E+04 -1.7123E+04 -1.9747E-01
  9.0000E+00  1.0000E+00  7.3143E+04  6.9546E-01  1.3700E+05  7.0624E+04  6.6376E+04  7.5099E-01
  9.0000E+00  2.0000E+00  4.2916E+04 -3.3627E-01  2.4800E+04  4.3013E+04 -1.8213E+04 -3.3731E-01
  9.0000E+00  4.0000E+00  1.0207E+04 -7.4883E-01  6.1200E+02  1.1162E+04 -1.0550E+04 -7.5882E-01
  9.0000E+00  8.0000E+00  5.1958E+02 -5.9413E-01  1.3200E+02  6.8232E+02 -5.5032E+02 -5.4455E-01
  9.0000E+00  1.2000E+01  2.6366E+01 -1.9115E-01  1.9700E+01  4.1603E+01 -2.1903E+01 -8.5917E-02
  9.0000E+00  2.4000E+01  3.4453E-03  3.8384E-01  4.2200E+00  9.4303E-03  4.2106E+00  3.8415E-01
