TABLE NO.  1
 ID          TIME        IPRED       IWRES       DV          PRED        RES         WRES
  1.0000E+00  0.0000E+00  0.0000E+00  0.0000E+00  0.0000E+00  0.0000E+00  0.0000E+00  0.0000E+00
  1.0000E+00  0.0000E+00  0.0000E+00  0.0000E+00  0.0000E+00  0.0000E+00  0.0000E+00  0.0000E+00
  1.0000E+00  8.3000E-02  0.0000E+00  6.3525E-01  1.9100E+01  0.0000E+00  1.9100E+01  6.3525E-01
  1.0000E+00  2.5000E-01  6.7331E+03 -8.2203E-01  9.7100E+01  6.7840E+03 -6.6869E+03 -8.1908E-01
  1.0000E+00  5.0000E-01  1.9549E+04 -7.7817E-01  1.3100E+03  1.9551E+04 -1.8241E+04 -7.7814E-01
  1.0000E+00  1.0000E+00  1.1948E+04 -2.7212E-01  8.0500E+03  1.1940E+04 -3.8901E+03 -2.7189E-01
  1.0000E+00  2.0000E+00  2.8315E+03 -4.7568E-02  2.6700E+03  2.8288E+03 -1.5884E+02 -4.7148E-02
  1.0000E+00  4.0000E+00  1.6644E+02  2.9016E-01  2.2500E+02  1.6624E+02  5.8763E+01  2.9100E-01
  1.0000E+00  8.0000E+00  1.5204E+01  1.7774E+00  7.7700E+01  1.5199E+01  6.2501E+01  1.7776E+00
  1.0000E+00  1.2000E+01  1.4710E+01 -3.3938E-01  2.8800E+00  1.4706E+01 -1.1826E+01 -3.3936E-01
  2.0000E+00  0.0000E+00  0.0000E+00  0.0000E+00  0.0000E+00  0.0000E+00  0.0000E+00  0.0000E+00
  2.0000E+00  0.0000E+00  0.0000E+00  0.0000E+00  0.0000E+00  0.0000E+00  0.0000E+00  0.0000E+00
  2.0000E+00  8.3000E-02  0.0000E+00  2.0388E+00  6.1300E+01  0.0000E+00  6.1300E+01  2.0388E+00
  2.0000E+00  2.5000E-01  6.8580E+03  1.4159E+00  1.8500E+04  6.7840E+03  1.1716E+04  1.4356E+00
  2.0000E+00  5.0000E-01  1.9556E+04  1.4733E+00  5.4100E+04  1.9551E+04  3.4549E+04  1.4739E+00
  2.0000E+00  1.0000E+00  1.1936E+04  1.9960E+00  4.0500E+04  1.1940E+04  2.8560E+04  1.9952E+00
  2.0000E+00  2.0000E+00  2.8296E+03 -1.4136E-01  2.3500E+03  2.8288E+03 -4.7884E+02 -1.4084E-01
  2.0000E+00  4.0000E+00  1.6650E+02  1.3746E+00  4.4400E+02  1.6624E+02  2.7776E+02  1.3775E+00
  2.0000E+00  8.0000E+00  1.5213E+01  7.6402E-02  1.7900E+01  1.5199E+01  2.7006E+00  7.6464E-02
  2.0000E+00  1.2000E+01  1.4718E+01 -3.4014E-01  2.8600E+00  1.4706E+01 -1.1846E+01 -3.4017E-01
  3.0000E+00  0.0000E+00  0.0000E+00  0.0000E+00  0.0000E+00  0.0000E+00  0.0000E+00  0.0000E+00
  3.0000E+00  0.0000E+00  0.0000E+00  0.0000E+00  0.0000E+00  0.0000E+00  0.0000E+00  0.0000E+00
  3.0000E+00  8.3000E-02  0.0000E+00  4.1574E-01  1.2500E+01  0.0000E+00  1.2500E+01  4.1574E-01
  3.0000E+00  2.5000E-01  6.7312E+03 -8.0791E-01  2.1100E+02  6.7840E+03 -6.5730E+03 -8.0464E-01
  3.0000E+00  5.0000E-01  1.9549E+04  4.2459E-01  2.9500E+04  1.9551E+04  9.9492E+03  4.2447E-01
  3.0000E+00  1.0000E+00  1.1946E+04  1.6863E+00  3.6100E+04  1.1940E+04  2.4160E+04  1.6874E+00
  3.0000E+00  2.0000E+00  2.8303E+03 -4.8631E-01  1.1800E+03  2.8288E+03 -1.6488E+03 -4.8659E-01
  3.0000E+00  4.0000E+00  1.6630E+02 -2.8417E-01  1.0900E+02  1.6624E+02 -5.7237E+01 -2.8439E-01
  3.0000E+00  8.0000E+00  1.5199E+01  4.7789E-01  3.2000E+01  1.5199E+01  1.6801E+01  4.7788E-01
  3.0000E+00  1.2000E+01  1.4706E+01 -2.8821E-01  4.6600E+00  1.4706E+01 -1.0046E+01 -2.8821E-01
